2026/07/16,	11.183,	11.424	11.659	11.975	12.345
2026/07/15,	11.183,	11.415	11.625	11.945	12.273
2026/07/14,	11.181,	11.318	11.600	11.918	12.235
2026/07/10,	11.184,	11.318	11.599	11.926	12.268
2026/07/09,	11.185,	11.316	11.610	11.955	12.380
2026/07/08,	11.191,	11.318	11.650	12.019	12.455
2026/07/07,	11.185,	11.318	11.630	11.970	12.390
2026/07/06,	11.185,	11.290	11.610	11.905	12.360
2026/07/03,	11.177,	11.253	11.579	11.880	12.263
2026/07/02,	11.195,	11.250	11.578	11.855	12.167
2026/07/01,	11.192,	11.205	11.585	11.885	12.220
2026/06/30,	10.538,	11.080	11.478	11.780	12.065
2026/06/26,	10.524,	11.075	11.455	11.776	12.090
2026/06/25,	10.519,	11.050	11.485	11.838	12.208
2026/06/24,	10.529,	10.955	11.460	11.855	12.247
2026/06/23,	10.516,	10.935	11.435	11.830	12.268
2026/06/22,	10.521,	10.941	11.437	11.828	12.216
2026/06/19,	10.539,	10.935	11.437	11.803	12.240
2026/06/18,	10.542,	10.920	11.400	11.785	12.215
2026/06/17,	10.540,	10.896	11.375	11.754	12.204
2026/06/16,	10.528,	10.858	11.352	11.748	12.151
2026/06/12,	10.516,	10.790	11.328	11.745	12.280
2026/06/11,	10.531,	10.801	11.355	11.843	12.420
2026/06/10,	10.544,	10.755	11.363	11.867	12.490
2026/06/09,	10.543,	10.735	11.365	11.865	12.513
2026/06/05,	10.544,	10.715	11.310	11.823	12.445
2026/06/04,	10.543,	10.665	11.240	11.775	12.375
2026/06/03,	10.542,	10.610	11.250	11.811	12.420
2026/06/02,	10.531,	10.590	11.230	11.776	12.413
2026/06/01,	10.542,	10.590	11.210	11.770	12.450
2026/05/29,	10.544,	10.641	11.260	11.900	12.691
2026/05/28,	10.541,	10.623	11.225	11.860	12.618
2026/05/27,	10.529,	10.581	11.200	11.823	12.567
2026/05/26,	10.521,	10.568	11.116	11.724	12.455
2026/05/25,	10.521,	10.570	11.105	11.690	12.460
2026/05/22,	10.526,	10.580	11.110	11.708	12.531
2026/05/21,	10.525,	10.578	11.123	11.740	12.642
2026/05/20,	10.530,	10.580	11.107	11.724	12.635
2026/05/19,	10.521,	10.610	11.168	11.826	12.810
2026/05/15,	10.524,	10.650	11.074	11.660	12.598
2026/05/14,	10.526,	10.586	10.990	11.573	12.448
2026/05/13,	10.527,	10.580	10.980	11.555	12.415
2026/05/12,	10.523,	10.575	10.880	11.453	12.312
2026/05/11,	10.511,	10.575	10.868	11.478	12.357
2026/05/08,	10.522,	10.580	10.860	11.463	12.350
2026/05/07,	10.524,	10.573	10.860	11.485	12.363
2026/05/06,	10.515,	10.580	10.898	11.525	12.440
2026/05/05,	10.505,	10.580	10.870	11.500	12.370
2026/05/04,	10.522,	10.577	10.890	11.500	12.370
2026/04/30,	10.532,	11.062	11.447	12.047	12.800
2026/04/29,	10.531,	11.060	11.430	12.033	12.771
2026/04/28,	10.530,	11.078	11.427	11.985	12.708
2026/04/27,	10.528,	10.980	11.343	11.901	12.593
2026/04/24,	10.521,	10.912	11.300	11.865	12.575
2026/04/23,	10.521,	10.955	11.300	11.858	12.535
2026/04/22,	10.525,	10.870	11.200	11.715	12.410
2026/04/21,	10.516,	10.820	11.173	11.660	12.292
2026/04/20,	10.523,	10.745	11.135	11.600	12.240
2026/04/17,	10.508,	10.717	11.060	11.570	12.218
2026/04/16,	10.516,	10.710	11.050	11.578	12.230
2026/04/15,	10.516,	10.717	11.050	11.566	12.195
2026/04/14,	10.518,	10.715	11.070	11.550	12.258
2026/04/13,	10.519,	10.705	11.053	11.578	12.283
2026/04/10,	10.521,	10.683	11.036	11.565	12.265
2026/04/09,	10.531,	10.700	11.040	11.590	12.280
2026/04/08,	10.524,	10.653	10.983	11.570	12.350
2026/04/07,	10.518,	10.629	10.956	11.600	12.435
2026/04/06,	10.522,	10.583	10.995	11.630	12.476
2026/04/01,	10.515,	10.585	11.085	11.755	12.645
2026/03/31,	9.635,	10.555	11.023	11.710	12.588
2026/03/30,	9.635,	10.453	11.000	11.715	12.645
2026/03/27,	9.636,	10.425	11.024	11.745	12.670
2026/03/26,	9.643,	10.410	11.005	11.745	12.653
2026/03/25,	9.642,	10.350	10.976	11.722	12.640
2026/03/24,	9.641,	10.315	11.005	11.781	12.676
2026/03/20,	9.642,	10.300	11.015	11.820	12.704
2026/03/19,	9.638,	10.264	10.975	11.762	12.652
2026/03/18,	9.636,	10.180	10.880	11.688	12.557
2026/03/17,	9.634,	10.148	10.840	11.600	12.430
2026/03/16,	9.630,	10.117	10.822	11.609	12.499
2026/03/13,	9.626,	10.085	10.806	11.568	12.434
2026/03/12,	9.623,	10.084	10.802	11.564	12.442
2026/03/11,	9.621,	10.008	10.720	11.425	12.296
2026/03/10,	9.617,	9.960	10.675	11.398	12.208
2026/03/09,	9.622,	9.903	10.715	11.470	12.395
2026/03/06,	9.629,	9.847	10.740	11.544	12.513
2026/03/05,	9.631,	9.825	10.673	11.475	12.405
2026/03/04,	9.628,	9.779	10.613	11.416	12.453
2026/03/03,	9.636,	9.771	10.628	11.449	12.504
2026/03/02,	9.636,	9.759	10.587	11.408	12.419
2026/02/27,	9.634,	9.709	10.553	11.370	12.367
2026/02/26,	9.629,	9.674	10.540	11.380	12.400
2026/02/25,	9.639,	9.668	10.510	11.323	12.315
2026/02/24,	9.643,	9.660	10.486	11.277	12.240
2026/02/23,	9.627,	9.663	10.431	11.210	12.127
2026/02/20,	9.629,	9.662	10.436	11.230	12.105
2026/02/19,	9.641,	9.662	10.398	11.200	12.085
2026/02/18,	9.645,	9.660	10.365	11.165	12.055
2026/02/17,	9.645,	9.664	10.348	11.125	12.010
2026/02/16,	9.639,	9.666	10.312	11.135	11.995
2026/02/13,	9.638,	9.668	10.260	11.060	11.883
2026/02/12,	9.637,	9.669	10.265	11.145	12.068
2026/02/11,	9.635,	9.670	10.223	11.141	12.125
2026/02/10,	9.628,	9.671	10.200	11.098	12.038
2026/02/09,	9.642,	9.673	10.195	11.095	12.020
2026/02/06,	9.634,	9.680	10.201	11.112	12.132
2026/02/05,	9.631,	9.675	10.157	10.944	11.936
2026/02/04,	9.639,	9.664	10.079	10.863	11.818
2026/02/03,	9.637,	9.667	10.091	10.848	11.789
2026/02/02,	9.638,	9.680	10.040	10.745	11.667
2026/01/30,	8.746,	9.275	9.585	10.300	11.255
2026/01/29,	8.742,	9.267	9.598	10.277	11.265
2026/01/28,	8.735,	9.188	9.535	10.222	11.203
2026/01/27,	8.732,	9.160	9.545	10.277	11.292
2026/01/26,	8.738,	9.149	9.528	10.238	11.238
2026/01/23,	8.735,	9.150	9.537	10.239	11.246
2026/01/22,	8.740,	9.125	9.514	10.235	11.250
2026/01/21,	8.740,	9.080	9.478	10.195	11.179
2026/01/20,	8.741,	9.077	9.480	10.203	11.205
2026/01/19,	8.740,	9.080	9.493	10.190	11.190
2026/01/16,	8.740,	9.054	9.475	10.176	11.184
2026/01/15,	8.739,	9.025	9.402	10.120	11.121
2026/01/14,	8.737,	8.991	9.385	10.075	11.056
2026/01/13,	8.735,	8.954	9.333	10.030	11.048
2026/01/09,	8.736,	8.927	9.313	10.005	11.008
2026/01/08,	8.732,	8.915	9.306	10.013	11.008
2026/01/07,	8.731,	8.810	9.208	9.920	10.910
2026/01/06,	8.729,	8.810	9.210	9.905	10.918
2026/01/05,	8.727,	8.861	9.272	10.042	11.108
2026/01/02,	8.728,	8.